00011101000110000001011100010111000110010101100100011100000110010001110000000101000011000101001100000000000010010000101100000111000110000100101100011111000100110000110001000011000101110000111100001011000110010101000100010100000010100001110000000111000111000001011000011101000010100000010000010100000000010100010000000111000000110000000100011010000000100001111100011001000100010000110100010001010000100000101100000001000110000000001101000101000101100000000100010000000001100100100100000010000111110000110100011111
00011000000001000100010100010001000110110001011100010001000000000000001000010101000011110000011100010001000010110100011100000110000000110000100100000100010110100000101100000110000110110001001000001011000111110101000100010010000000100001011100000111000011010001010000011010010011110001100100010001000000000001000100001011010001110000100100001111000001010000100100011011000101100100001100010011000101110000011100011110000111000001100000000001010100100000001000011100000110110000110000000001000100010001010100011010
00000010010101110001011000010011000001000001000000010000000001110100111100010101000101010101001100010010000000110000100100001101000001000000101000011000000100110000101101000011000100110000110000000111000000000101000100010011000001000000001000011101000110110000000000011010010011110001100100001111010100110000101000010011000010110000010000001011000001100100110000010100000100010001000000011010010000100000000100001001000110000001100001000101000101100001110100011110000110110000000000011100000000110000100000011110
01010001000101100000011001010010000101110001011000011000000001000000000000010100000011100101001100010101000100110000111000011011010010100001110100001001000010010000110000001010000101000001011100000010000110000001110001010111000001000000011001010100000010010000000000011011000110100000001101000001000000000000000100000010010001110000100100011110010010110001110000001111000010100001011000000101010000100000011100011101000000100000001000001000010100100000011100011100000100010100100100011111000111000000000000010000
00010100000001010000010000000110010101000001100000011001000000000001111000000101000001000000011101000100000000110000100100000001000001110100101100000010000101010001011001000011000001100001011100000010000110110001100000011001000001000000000001010100000111010001101000000111000010100001001101000001000100010000110100000100000000100000011000001110000111100000000101011010000111010000010000010011000101100100111000000001000101000001100001000101000100110101010000011011000110010000100000000001000101000000100000000111
01010001000000010000110000000100000101010001010000000000000110100100111100011101000000000000011100010000000011110001010001001000000000110000111101001100000110110001011000010111000100110100001000001111000011100101000100010011000001000000001000011101000110110000000000011010010011110001110100001110000000010000011000001111010001110000000100001110010010110000001000010011000010110000101001010110000101000000111100011111000110000000001000010110010100100001011000010000000101110000110000000001000101000001010000011110
01010001000101100001000000010101000000010001110001010101000010000001101101010000000000100001110000001001000010110000100000001100000001010100101100001000000101010001010000001100000001000100001000011101000010000001010101010111000010110001101100010110000100010101010100001100000000110001100100010101010100110000100100000111000010110000110100011001000111100000110100011110000110010100001100010111010000100000101000000100000100000001101001000101000110110001101001011001000001010000011000011100000001010000010000000001
00010100010101110001000100000000000111010000101000000001000000000001111000000101000001000101001100001010000100110000100100001011010010100001101100011110000110110001110100010000000100110000110000011010010011010001100100010010000010110001011000000110000111000000011100000000000110110101000000001000000000110001011100010011000010100100100000011001000000100001100001011010000110010000111000010011000101100100111000011110000100100001001000001001000101110000011000010000000001100001100000011010000101010100000100000000
00000100000001000000011000011011000001000001000000000001010010010000101000011110000010000001111001000100000011000001001000011011000111100000010001001100000010000001000000001100000110000000000100011011000111100101000100010010000111010101001000000001000011010101010100011101000010100001110100010001000001100001011101000110000010100000000101001010000001010001100100010100000110110100001100000000000010110001101000001100000101000101011100010001000101110001100000010101000000000001101001001111000101000001010000011010
00000010010101110001010100010111000110000001010100010000000001110001101100010101000100100000001000010001000000110100011100001001000010010100101100000000000100110001111100010110000110100000001101001110000011100000010000000101000101100000011100000111010110010000000100011011000001100000001100010101000110100001010100010011000000100000101100011000000010100001111101011010000111000001011000011111010000100000101100011111000111100000010001000101000101100001110100011010000000010001110000000010010100000001010000011111
00011101000101100000100000010001000110110000101100000101000011000001110101010000000100010001111100000101000001010000001000011010000010110001111101001100000011000001000100010111000101110000011101001110000000010000010000010100000100010000011100000111010110010001011000000110000000010000011000000000000111110000100000001111000101000100100000011111000110010000001000011011010110000001000000010011000001100100111000001000000001000101011100001000000100110000000100001011000111000001101001001111000101010001010101010011
00011101000100100000011000000110000000010000101001010101000111000000001100011100000000000001111000000111000010010001010100011000000011110001100101001100000010100001010000000010000101010000011100011100000011000000010101010111000010110001011100010111010110010000011000000110000000110001110000001000000100000000110100010010000100100000110000000011000001010100110000010110000100010000010000000011000011100000111101001101000000000000001000001100000000010000010100001100000100000100100100001100000111110000111100010111
00011000000110100000000000011100000000000000110000011000010010010001110100011000000011100001110100000111000100110001010001001000000011000000111000000000000100110000101101000011000101110000000101001110000000000001000000000011000100010001101100000111010110010001110000000111010011110000010000000100000111100001010000001001000101010100100000011010000000110000110100001000000111010001011100000100000000110100111000001100000111010001111000010100000001110001010100010100010101010001111100000110000001100000000000011110
00000100000001000100010100010100000100010000110000010010000000000000111000000100010000010001111100000001000001010001001100011101000110010100101100001001000111010001110100010000000000100000001100011101010011010000011100010010000101100000011000011101000110110000000000000101000110100001110101000001000111110000101100010100000000100000010101001010000010100000111101011010000101000000001000011001000100000000101100001000000001010101011100000000000010100101010000010000000110110100100100001110010100000000111100011010
00000010000111100100010100011100000100010001101001010101000001110000011000000011000011010101001100010001000010100000101100001001000001110000100000000011000010000000100000000110000001000100001000011010000001000001111100010100000011000001011000000001000101110000000101001001000001100001010001000001000001110000110100001000000001000000000100001110000111100000001000001110010110000000001000000100000000010001101101001101000001110001111000010011000100110001100100001100000001100100100100001110000001000100000100000000
00011110000110110000100100011011000101110001000000000001000111000000101100011001000011110101001100001000000011110000010100001101000110000000010001001100000011110000110001000011000001000001011100011010000111110000010000011010010001010001011100000110000101100000011001001001000111000000010100010010000000110000000100001000000000110000000100011001000110000000100101011010000100010000111000000110000001110001110000001001000110000001001000010001010100100000011100001100000001100000101000000110000000000000100000000111
01010001000000110000110000011100000101110001000000010001000111000000000100000100010000010001000000010110000001110001010001001000000010110001111101001100000101100001000100000001000100110001000000000001010011010000011100010010000101100000011000011101000110110000000000000101000110100001110101000001000111100000010100011110000011100000010100011111000110000100110000001100000111010000111100011111000101100100111000011011000101000001101101000101000101100001010100001001000111000000101100011010000000110100000100011111
00011110000001010000000000011111010101000001110100011010000001110000101000010011010000010001011000001000000011110001001101001000000001100000010000011110000111110001010101000011000100110000111000001011000000000001010000011001000100010000011100011001010110010001101100001100000011000101000000000100000111110000000100001011000000100000011000011110000111100000000101011010000101100000011000010101010000100000111100001110000100100000001000001000000000010001010100010111010101010000110000011011010100000001000100000110
00000011000000100001011001010010000101110000110000000111000010000000110100011001000101010000011000010110010001100001000100001101000001000000111000000010000110110000110000001010000001010100001000001000000011000001001000011110000010010001101100000111000100000000011001001001000110110001111100010011000001110000101100010100010001110000011000000101000001010100110000010111000110010001011100000010000010110001110101001101000000100001001000000001010100100000001000011100000111010000000000001100000001010000110100010010
01010001000110110000000000011101010101000001000000011011010010010000000100000101000011110001000001000100000000000000011000001011000000110000011100000101000010010001000100010000010101100000010000001011000110000001011000011110000001000000011001010100000110100000011100001000000111000101000000010101000000010000110100010101000100110000000100011011000111100000100101011010000101010000001000001110000010110000001100011000000000100101011100010011000110110000001000011100000001110001101100001110010100000001001000010110
00010101010101110000100000011101000110000001110000000110000111010000011000010101010000010001111000000101000101010001010000001001010010100000111000011001010110100000101100000110000110110001001000001011000111110101000100010010000010010001011100011101000111110001000000000111000010110101000000010010000001100001011100010110000000100000011000001110000000100001111100001001000111010100001100000110000011010001101000001000000111110000001100001100000111110001010100001100000001110000000000011100010100000000000000011111
00011000000001100001000000010111000000000101100100011000000010000001101000000010000010000000000001000100000001110000010001001000000001100000010000011110000111110001010101000011000110100001011100001101000110010000010000000100010001010001000100011011000101110000011000001100000111100000010100000000000001110100010000001000000001100000010101001010000111110000010100010100000110110000101000010010000101110000000000011001010100010001010100001100000100000001000100010111000100010001110000000010010100000000011000000001
00010000000000010000110000010110000101010101100100011100000001110001101100010101000100110001011100010001000010110100011100001101000111100100101100000001000110110001010000000110000001010001011100001111000010010001000001010111000000110001001100011001000111000000011001001001000011100001001101000001000100100000101000010010000000100100100000000011000110110001111100001111000101010100001100000110000100000000011100000000000110000000010001000101000110110001101001011001000100110000100000011010000100110000100000010001
00000100000001000100010100011111000101010001110000010110000011000000000100010001000100100101001100010110000100110001001100011010000111110000011001001100000010010001011100001111000110100000101100001101000001000000010100000010000000010001101100011010010110010000011000001000000010000001100100010101000001110000110100010101010001110000000100000100000111110000100100011101000111010001000101010110000000110001101001001101000110010001001000001011000101100000011000011100000001110000000000011011010100000000011100010110
00011101000111100001011001010010000111010001110101010101000011000000001100010101000010000001010100000001000010000000001101001000000001100000111000000011010110100001110000010110000111110001000101001110000111100001100000000011010001010001001100011001000111000000000101001001000111110001110000000000000100000000000100010100000001100001110001001010000111100001111000010100000110010100001100000011000101100100111000011111000001000000001100010111000001110001100101011001000110000000100000001000000111100000000001010011
00000111000111100001000100010011000100010101100100011011000000000001110000011001010000010001000100001000000001110000100100001100000000110001111101001100000011110000110001000011000000100000101100000000000011100001100000010011000100000001110000000000010110010000000000011011000000010001000101000001000111100000010100011110000011100000010100011111000110000100110000010100000110010000111001010110000000110000110101001101000000110001111000010110000001110000011101011001000001100000110000001011010100000000010000000001
00010000000000110100010100000001000000010000101000010110000000000001111100011001000101010101001100001000000001110000100000011010000011110000111000011000010110100001011000000110000101010100001000001011000110000101000100000101000011000000000100000001000010100101010100011000000110100001100100010010000000100001000100000011010001110000000100000100010010110000011000001111000010110001011100011001010000100001111000011000000000110000001000010110000110110001101001011001000110110000011000000001010100000000010000000110
00011000000001000000100000011101000100000101100100000011000011000000001100011001000101010101001100000001000100100100011100011010000111110001111100011110000011110001010101000011000000100001011100011100000111010001100000000100010001010001101100011010010110010000001100001100000111000000010000001000000100010001000100001010000100100000010101001010000110000000100100010111010110000001010100011111000101100000111100001000010100010001001100001100000100110001100101011001000111000000011100011011000101010001001100010111
00000100000110100100010100010011000000000101100100010001000000000000100000011110000010000000000000010111000011110000101001001000000000000001111000011111000011100001011101000011000100110000010100001011000111100000010100010110000101100101001000000010000111000000011000011101000001100001001000010100000111110001000100001011010001110001101000000010000001000000001000011001000011010001000001010110000011000000011100011110000110000101011100010100000001110001110100001010010101010001101100011010000001000001001100000110
00011100010101110000000000010100000100100001000000010110000000000001101100000101000100110101001100000000000011110000011000000101010010100000011100001001000101010101100000010111000100110000111100011110000000100000001101010111000010110000011100011000000101010001010001001001000111100000010100001000000000000100010000000000000001100001110100001001000000100000111000001111000010110100001100010011000011000000011100000000010100010000011000010000000100110001100101011001000101000001110101001111000101010000111100011010
00011100010101110001010000000111000111010000101000000100000111000000101001010000000100100001011000000000010001100001010000001011000011110000011100001001000010000001000100010000000001110001011100001011010011010001110100011110000001110001011100000110000101100101010100000111000000000001111001000001000001010000000100001110000011100000101100011111000001110000110101011010000010110000001000000110000010110000101100000011010100010001101000000100000101110001011100011100000110110000100000011100010100000001000100011100
00000011000000110001000100011011000000000001011000000111010010010000111000000101000001100000011000000001010001100000011000011100010010100001111000011110000101000001100101000011000001000000101000000001000000110001001000000010000101100101001000010001000011010101010100011010000000000001010000000000000111110000000100010101010001110000010000000101000110010000100100010111010110000001000000000011000100010000110100000100000000010001111000010001010100100000001000011100000001100001110100000110000100100001010000011111
00000100000110100100010100000011000000010001100000011000010010010000001000011001010000010001011100000101000101100000111000001010000111110001100001001100000101000001011100001101010101100000101100001111000011100000010000011011000011000000000101010100000100000001101101001001000011000000010100010011000000000001000100010101010001110000110100001101000011100001100001011010000111010001101101010110000010110000000001001101000100100001100000001011000001000001010100010101000110010000000000011100010100000001011100010110
00011101000111100001000101010010000101010101100100011100000001110001101100010101000100110001011100010001000010110100011100001110000011110001100100000001000111110001011000010111000000110000111101001110000110010001010000011011000010010000011100000111010110010000000100000110000111010000010000001110000000010100010000000011000000010000111000000011000010000000010100001110000011010001000101010110000001110000001000000100000001010101011100010011000101110001100001011001000001100000110000000010000000000000010000000001
01010001000100110000101000011110000110110000101101010101000001000000111000000101000100110001101000010111010001100000011000011100010010100001111100001001000101100001010000010110000001010000000100011100000011000000001001010111000011000001110001010100000111000000011000011101010011110000001100001000000001110100010000000111000010100000110100011110010010110000001000010011000010110000111101010110000100100000011000001100000000110001001000010001000000000001010101011001000101100001110000011101000000110001010000000000
01010001000001100001000000011011000001110000100000000000000011000100111100000011000001000001011101000100000010110000100000000100000011110001100000011000000100110001110101000011000001110001011100001111000000000101000100011010000001000001011100010111000111000001101100001000000111000101000000001111000101100000011101000110000001100000010000000011000110100001100100011111000011000100001100000010000011010001110000011001000111100000010101000101000000010001000100011101010101010000010100011010000100110001010100000110
00000010010101110000100100000111000101110000110100000000000110100100111100010011000011100001110100010111000000110001011000011101000010110001111101001100000010010001110100000111010101100000011100001001000010000000001000000011000001000000000101010100000010000000000000001000000000100101000000010100000000010000101000000111010001110001111000001111000001110100110000001001000111010000111000000110000001110001110001001101000000010000001000010111000001110000011101011001000101100000011000000001000000110000010000000010
00000100000101100001000101010010000100010001111000010000000111010100111100010100000011100001110100000001000001010100011100001101000111100100101100011110000011110000110000010001000000110000111101001110000000010001010000010100000100010000011100000111010110010000010000011100000001100000001100010000000001100000000101000110000100010000110100000010000000100000111100001111000101000000001001010110000011100000111100000010000000110001001000000000000001100101010000010111000111000001101000000110010100000000111100011100
00011111010101110001000000011110000000000000101100011100000010100000101000000011010000010001111000000001000100100001001000011011010010100000111000000000000111110001010100000110000110000001011000011011000000000101000100000111000000000001111000011000000111000001101100011101000010100000001100010000000001100000000101000110000101110000110100000110000001110000100100010100000011000000011000000101000100110001101100001000010100010001101000000100000001100000000000010000000001100100100100001110000001010000011000000110
00010100010101110001000000000110010101000001010000010000000111010001101000000011010000010001000100001000000001110000100100001100000000110001111101001100000011110001010000010111000001000000101100001101000010000000001001010111000001100000011100000110000110000001011100000000000110110000010100010011010100110000100100000111000100110001110000000011000110000100110000010110000100010000000100010011000100000000000101001101000110000001001101000101000111110001101100010101000110010000000000011100010100000000001100011010
00010011000100100000101100010110000000010001010001010101000011010001101000011001000100100101001100000000000001110001011100000001000010000001111000011111010110100001110100010110010101100000111000001011000000100101000100011001000000000001000101010100000100000001010000001010000110100001110000001000000000000000010100000111000001100000100100001011000010100000110100011011000110010000001000010111000000110000111100001100000100000001011000000100000100110001010100011000000101000000100000001110000100010000000000010010